275 0.4727272727272727 0.8363636363636363 0.9890909090909091 Alef-Bold.ttf
307 0.4006514657980456 0.745928338762215 0.990228013029316 Alef-Regular.ttf
275 0.4727272727272727 0.8363636363636363 0.9890909090909091 Alef-Bold.ttf
307 0.4006514657980456 0.745928338762215 0.990228013029316 Alef-Regular.ttf
275 0.4727272727272727 0.8363636363636363 0.9890909090909091 Alef-Bold.ttf
307 0.4006514657980456 0.745928338762215 0.990228013029316 Alef-Regular.ttf
299 0.705685618729097 0.8461538461538461 0.9933110367892977 Anonymous Pro B.ttf
280 0.7785714285714286 0.85 0.9964285714285714 Anonymous Pro BI.ttf
288 0.6979166666666666 0.8958333333333334 1.0 Anonymous Pro I.ttf
309 0.7022653721682848 0.8964401294498382 1.0 Anonymous Pro.ttf
299 0.705685618729097 0.8361204013377926 1.0 Anonymous Pro Minus B.ttf
296 0.7972972972972973 0.8716216216216216 0.9864864864864865 Anonymous Pro Minus BI.ttf
318 0.7075471698113207 0.9056603773584906 0.9937106918238994 Anonymous Pro Minus I.ttf
295 0.6237288135593221 0.864406779661017 1.0 Anonymous Pro Minus.ttf
329 0.3951367781155015 0.7416413373860182 0.9817629179331308 Cantarell-Bold.ttf
291 0.3436426116838488 0.6872852233676976 0.9896907216494846 Cantarell-BoldOblique.ttf
311 0.33440514469453375 0.5594855305466238 0.8842443729903537 Cantarell-Oblique.ttf
328 0.2865853658536585 0.5975609756097561 0.8109756097560976 Cantarell-Regular.ttf
313 0.3769968051118211 0.8178913738019169 0.9936102236421726 Comfortaa-Bold.ttf
319 0.15047021943573669 0.4200626959247649 0.7523510971786834 Comfortaa-Light.ttf
282 0.20921985815602837 0.5 0.776595744680851 Comfortaa-Regular.ttf
287 0.4250871080139373 0.710801393728223 0.9825783972125436 ComicNeue-Angular-Bold-Oblique.ttf
313 0.3354632587859425 0.597444089456869 0.853035143769968 ComicNeue-Angular-Bold.ttf
317 0.24921135646687698 0.5236593059936908 0.7917981072555205 ComicNeue-Angular-Light-Oblique.ttf
327 0.2966360856269113 0.5504587155963303 0.8348623853211009 ComicNeue-Angular-Light.ttf
315 0.38412698412698415 0.7746031746031746 0.9873015873015873 ComicNeue-Angular-Regular-Oblique.ttf
297 0.36363636363636365 0.8080808080808081 0.98989898989899 ComicNeue-Angular-Regular.ttf
292 0.4520547945205479 0.7636986301369864 0.9965753424657534 ComicNeue-Bold-Oblique.ttf
313 0.3035143769968051 0.5942492012779552 0.853035143769968 ComicNeue-Bold.ttf
289 0.18685121107266436 0.46366782006920415 0.7820069204152249 ComicNeue-Light-Oblique.ttf
299 0.3010033444816054 0.5585284280936454 0.7926421404682275 ComicNeue-Light.ttf
307 0.25732899022801303 0.5960912052117264 0.8469055374592834 ComicNeue-Regular-Oblique.ttf
305 0.32459016393442625 0.6491803278688525 0.8524590163934426 ComicNeue-Regular.ttf
303 0.6336633663366337 0.8217821782178217 0.9537953795379538 Dosis-Bold.ttf
308 0.5 0.8961038961038961 0.987012987012987 Dosis-Book.ttf
306 0.5294117647058824 0.7483660130718954 0.8856209150326797 Dosis-ExtraBold.ttf
322 0.4192546583850932 0.8167701863354038 0.9875776397515528 Dosis-ExtraLight.ttf
308 0.4448051948051948 0.8506493506493507 0.9967532467532467 Dosis-Light.ttf
302 0.4867549668874172 0.8675496688741722 0.9834437086092715 Dosis-Medium.ttf
295 0.5322033898305085 0.864406779661017 0.9830508474576272 Dosis-SemiBold.ttf
299 0.4214046822742475 0.7658862876254181 0.9698996655518395 EkMukta-Bold.ttf
298 0.44966442953020136 0.7818791946308725 0.9899328859060402 EkMukta-ExtraBold.ttf
300 0.3 0.6966666666666667 0.97 EkMukta-ExtraLight.ttf
323 0.2724458204334365 0.7616099071207431 0.9845201238390093 EkMukta-Light.ttf
287 0.4181184668989547 0.7630662020905923 0.9651567944250871 EkMukta-Medium.ttf
299 0.30434782608695654 0.7424749163879598 0.9698996655518395 EkMukta-Regular.ttf
292 0.3424657534246575 0.7636986301369864 0.9657534246575342 EkMukta-SemiBold.ttf
288 0.5 0.6458333333333334 0.9583333333333334 FreeMono.ttf
325 0.23076923076923078 0.4123076923076923 0.676923076923077 FreeMonoBold.ttf
305 0.22295081967213115 0.3836065573770492 0.6721311475409836 FreeMonoBoldOblique.ttf
280 0.45357142857142857 0.6142857142857143 0.9892857142857143 FreeMonoOblique.ttf
285 0.3649122807017544 0.7929824561403509 0.9929824561403509 FreeSans.ttf
307 0.5602605863192183 0.8208469055374593 1.0 FreeSansBold.ttf
294 0.3945578231292517 0.7619047619047619 1.0 FreeSansBoldOblique.ttf
298 0.3926174496644295 0.7348993288590604 0.9899328859060402 FreeSansOblique.ttf
312 0.3685897435897436 0.7051282051282052 0.9615384615384616 Metrophobic.ttf
287 0.3344947735191638 0.7247386759581882 0.8989547038327527 MgOpenCosmeticaRegular.ttf
310 0.3741935483870968 0.6483870967741936 0.9967741935483871 MgOpenModataBold.ttf
307 0.3745928338762215 0.6840390879478827 0.996742671009772 MgOpenModataBoldOblique.ttf
295 0.26440677966101694 0.4745762711864407 0.8338983050847457 MgOpenModataOblique.ttf
337 0.228486646884273 0.5103857566765578 0.8100890207715133 MgOpenModataRegular.ttf
315 0.4666666666666667 0.7365079365079366 0.9333333333333333 OpenSans-Bold.ttf
290 0.44482758620689655 0.6517241379310345 0.9482758620689655 OpenSans-BoldItalic.ttf
314 0.36942675159235666 0.8057324840764332 0.9235668789808917 OpenSans-CondBold.ttf
307 0.2931596091205212 0.6156351791530945 0.9283387622149837 OpenSans-CondLight.ttf
299 0.1806020066889632 0.38461538461538464 0.9096989966555183 OpenSans-CondLightItalic.ttf
293 0.3890784982935154 0.8430034129692833 0.9590443686006825 OpenSans-ExtraBold.ttf
313 0.3738019169329074 0.6996805111821086 0.8913738019169329 OpenSans-ExtraBoldItalic.ttf
313 0.3194888178913738 0.6932907348242812 0.9361022364217252 OpenSans-Italic.ttf
303 0.2739273927392739 0.6798679867986799 0.9537953795379538 OpenSans-Light.ttf
300 0.24666666666666667 0.5766666666666667 0.9433333333333334 OpenSans-LightItalic.ttf
319 0.34796238244514105 0.7147335423197492 0.9467084639498433 OpenSans-Regular.ttf
298 0.33221476510067116 0.7416107382550335 0.912751677852349 OpenSans-Semibold.ttf
301 0.3687707641196013 0.6710963455149501 0.9435215946843853 OpenSans-SemiboldItalic.ttf
297 0.4107744107744108 0.7474747474747475 0.9090909090909091 Roboto-Black.ttf
296 0.5033783783783784 0.7668918918918919 0.9324324324324325 Roboto-BlackItalic.ttf
314 0.5764331210191083 0.8312101910828026 0.9808917197452229 Roboto-Bold.ttf
305 0.4360655737704918 0.7901639344262295 0.980327868852459 Roboto-BoldItalic.ttf
299 0.34448160535117056 0.7558528428093646 0.9966555183946488 Roboto-Italic.ttf
298 0.36577181208053694 0.7516778523489933 1.0 Roboto-Light.ttf
327 0.2996941896024465 0.72782874617737 0.9877675840978594 Roboto-LightItalic.ttf
283 0.42402826855123676 0.7597173144876325 0.9929328621908127 Roboto-Medium.ttf
294 0.36054421768707484 0.7619047619047619 0.9863945578231292 Roboto-MediumItalic.ttf
302 0.4602649006622517 0.8112582781456954 1.0 Roboto-Regular.ttf
296 0.15202702702702703 0.3141891891891892 0.5135135135135135 Roboto-Thin.ttf
308 0.1038961038961039 0.2564935064935065 0.37662337662337664 Roboto-ThinItalic.ttf
308 0.5162337662337663 0.8733766233766234 0.9935064935064936 RobotoCondensed-Bold.ttf
310 0.4870967741935484 0.8258064516129032 0.9838709677419355 RobotoCondensed-BoldItalic.ttf
305 0.3770491803278688 0.8819672131147541 1.0 RobotoCondensed-Italic.ttf
297 0.367003367003367 0.7912457912457912 1.0 RobotoCondensed-Light.ttf
267 0.29213483146067415 0.8052434456928839 1.0 RobotoCondensed-LightItalic.ttf
314 0.3471337579617834 0.8535031847133758 0.9968152866242038 RobotoCondensed-Regular.ttf
275 0.6472727272727272 0.8290909090909091 0.8872727272727273 SourceSerifPro-Bold.ttf
303 0.5247524752475248 0.768976897689769 0.900990099009901 SourceSerifPro-Regular.ttf
286 0.6468531468531469 0.8636363636363636 0.9300699300699301 SourceSerifPro-Semibold.ttf
317 0.580441640378549 0.9116719242902208 0.9558359621451105 SourceCodePro-Black.ttf
298 0.8120805369127517 0.9664429530201343 0.9832214765100671 SourceCodePro-Bold.ttf
312 0.09294871794871795 0.18269230769230768 0.2467948717948718 SourceCodePro-ExtraLight.ttf
307 0.5472312703583062 0.9283387622149837 0.993485342019544 SourceCodePro-Light.ttf
309 0.6828478964401294 0.9611650485436893 0.9935275080906149 SourceCodePro-Medium.ttf
318 0.6132075471698113 0.9559748427672956 0.9811320754716981 SourceCodePro-Regular.ttf
291 0.7766323024054983 0.9862542955326461 0.9862542955326461 SourceCodePro-Semibold.ttf
276 0.07246376811594203 0.6268115942028986 0.9927536231884058 Squarish Sans CT Regular SC.ttf
310 0.22258064516129034 0.5741935483870968 0.9806451612903225 Squarish Sans CT Regular.ttf
291 0.45017182130584193 0.7697594501718213 0.9828178694158075 Transport Medium Greek.ttf
298 0.6577181208053692 0.9798657718120806 0.9932885906040269 Ubuntu-B.ttf
285 0.5964912280701754 0.8771929824561403 0.9964912280701754 Ubuntu-BI.ttf
303 0.36633663366336633 0.7656765676567657 0.9801980198019802 Ubuntu-C.ttf
308 0.37987012987012986 0.935064935064935 1.0 Ubuntu-L.ttf
306 0.3758169934640523 0.7418300653594772 0.9934640522875817 Ubuntu-LI.ttf
295 0.4610169491525424 0.9830508474576272 0.9932203389830508 Ubuntu-M.ttf
314 0.40764331210191085 0.8662420382165605 0.9745222929936306 Ubuntu-MI.ttf
295 0.34915254237288135 0.8949152542372881 1.0 Ubuntu-R.ttf
303 0.4389438943894389 0.8382838283828383 0.9834983498349835 Ubuntu-RI.ttf
329 0.6382978723404256 0.9118541033434651 1.0 UbuntuMono-B.ttf
313 0.610223642172524 0.9552715654952076 0.987220447284345 UbuntuMono-BI.ttf
306 0.5980392156862745 0.869281045751634 0.9967320261437909 UbuntuMono-R.ttf
283 0.4275618374558304 0.9434628975265018 0.9964664310954063 UbuntuMono-RI.ttf
